tr0 0 00010 1
tr0 0 00012 1
tr0 0 00044 1
tr0 0 00045 1
tr0 0 00068 1
tr0 0 00096 1
tr0 0 00110 1
tr0 0 00125 1
tr0 0 00128 1
tr0 0 00134 1
tr0 0 00135 1
tr0 0 00153 1
tr0 0 00157 1
tr0 0 00162 1
tr0 0 00185 1
tr0 0 00186 1
tr0 0 00199 1
tr0 0 00260 1
tr0 0 00298 1
tr0 0 00302 1
tr0 0 00304 1
tr0 0 00315 1
tr0 0 00331 1
tr0 0 00334 1
tr0 0 00361 1
tr0 0 00362 1
tr0 0 00366 1
tr0 0 00369 1
tr0 0 00371 1
tr0 0 00372 1
tr0 0 00376 1
tr0 0 00379 1
tr0 0 00383 1
tr0 0 00387 1
tr0 0 00389 1
tr0 0 00393 1
tr0 0 00398 1
tr0 0 00400 1
tr0 0 00401 1
tr0 0 00408 1
tr0 0 00418 1
tr0 0 00424 1
tr0 0 00436 1
tr0 0 00440 1
tr0 0 00441 1
tr0 0 00442 1
tr0 0 00447 1
tr0 0 00448 1
tr0 0 00467 1
tr0 0 00473 1
tr0 0 00474 1
tr0 0 00478 1
tr0 0 00496 1
tr0 0 00497 1
tr0 0 00498 1
tr0 0 00504 1
tr0 0 00505 1
tr0 0 00532 1
tr0 0 00545 1
tr0 0 00547 1
tr0 0 00550 1
tr0 0 00551 1
tr0 0 00553 1
tr0 0 00558 1
tr0 0 00559 1
tr0 0 00679 1
tr0 0 00682 1
tr0 0 00703 1
tr0 0 00706 1
tr0 0 00709 1
tr0 0 00712 1
tr0 0 00714 1
tr0 0 00724 1
tr0 0 00725 1
tr0 0 00730 1
tr0 0 00732 1
tr0 0 00733 1
tr0 0 00735 1
tr0 0 00736 1
tr0 0 00741 1
tr0 0 00745 1
tr0 0 00748 1
tr0 0 00757 1
tr0 0 00762 1
tr0 0 00764 1
tr0 0 00767 1
tr0 0 00768 1
tr0 0 00787 1
tr0 0 00797 1
tr0 0 00820 1
tr0 0 00836 1
tr0 0 00840 1
tr0 0 00844 1
tr0 0 00849 1
tr0 0 00850 1
tr0 0 00851 1
tr0 0 00853 1
tr0 0 00882 1
tr0 0 00904 1
tr0 0 00932 1
tr0 0 00939 1
tr0 0 00941 1
tr0 0 00960 1
tr0 0 00963 1
tr0 0 00978 1
tr0 0 00982 1
tr0 0 00985 1
tr0 0 01000 1
tr0 0 01020 1
tr0 0 01029 1
tr0 0 01032 1
tr0 0 01039 1
tr0 0 01074 1
tr0 0 01076 1
tr0 0 01099 1
tr0 0 01103 1
tr0 0 01104 1
tr0 0 01118 1
tr0 0 01123 1
tr0 0 01153 1
tr0 0 01159 1
tr0 0 01164 1
tr0 0 01203 1
tr0 0 01209 1
tr0 0 01213 1
tr0 0 01217 1
tr0 0 01220 1
tr0 0 01228 1
tr0 0 01238 1
tr0 0 01243 1
tr0 0 01276 1
tr0 0 01280 1
tr0 0 01291 1
tr0 0 01292 1
tr0 0 01303 1
tr0 0 01316 1
tr0 0 01340 1
tr0 0 01354 1
tr0 0 01409 1
tr0 0 01412 1
tr0 0 01425 1
tr0 0 01429 1
tr0 0 01477 1
tr0 0 01480 1
tr0 0 01497 1
tr0 0 01500 1
tr0 0 01506 1
tr0 0 01512 1
tr0 0 01562 1
tr0 0 01577 1
tr0 0 01581 1
tr0 0 01584 1
tr0 0 01601 1
tr0 0 01606 1
tr0 0 01622 1
tr0 0 01626 1
tr0 0 01628 1
tr0 0 01634 1
tr0 0 01649 1
tr0 0 01659 1
tr0 0 01665 1
tr0 0 01666 1
tr0 0 01667 1
tr0 0 01673 1
tr0 0 01676 1
tr0 0 01678 1
tr0 0 01679 1
tr0 0 01684 1
tr0 0 01693 1
tr0 0 01694 1
tr0 0 01719 1
tr0 0 01729 1
tr0 0 01735 1
tr0 0 01739 1
tr0 0 01740 1
tr0 0 01741 1
tr0 0 01760 1
tr0 0 01771 1
tr0 0 01787 1
tr0 0 01789 1
tr0 0 01790 1
tr0 0 01798 1
tr0 0 01801 1
tr0 0 01808 1
tr0 0 01835 1
tr0 0 01836 1
tr0 0 01847 1
tr0 0 01855 1
tr0 0 01860 1
tr0 0 01862 1
tr0 0 01886 1
tr0 0 01920 1
tr0 0 01987 1
tr0 0 01989 1
tr0 0 01994 1
tr0 0 01996 1
tr0 0 02010 1
tr0 0 02013 1
tr0 0 02024 1
tr0 0 02027 1
tr0 0 02039 1
tr0 0 02054 1
tr0 0 02067 1
tr0 0 02080 1
tr0 0 02097 1
tr0 0 02102 1
tr0 0 02107 1
tr0 0 02114 1
tr0 0 02118 1
tr0 0 02126 1
tr0 0 02128 1
tr0 0 02151 1
tr0 0 02159 1
tr0 0 02193 1
tr0 0 02195 1
tr0 0 02202 1
tr0 0 02207 1
tr0 0 02219 1
tr0 0 02220 1
tr0 0 02224 1
tr0 0 02225 1
tr0 0 02237 1
tr0 0 02240 1
tr0 0 02244 1
tr0 0 02247 1
tr0 0 02251 1
tr0 0 02257 1
tr0 0 02268 1
tr0 0 02271 1
tr0 0 02281 1
tr0 0 02291 1
tr0 0 02297 1
tr0 0 02301 1
tr0 0 02322 1
tr0 0 02323 1
tr0 0 02325 1
tr0 0 02344 1
tr0 0 02365 1
tr0 0 02374 1
tr0 0 02375 1
tr0 0 02376 1
tr0 0 02410 1
tr0 0 02419 1
tr0 0 02434 1
tr0 0 02447 1
tr0 0 02462 1
tr0 0 02470 1
tr0 0 02474 1
tr0 0 02475 1
tr0 0 02476 1
tr0 0 02491 1
tr0 0 02497 1
tr0 0 02500 1
tr0 0 02505 1
tr0 0 02512 1
tr0 0 02520 1
tr0 0 02526 1
tr0 0 02528 1
tr0 0 02532 1
tr0 0 02534 1
tr0 0 02538 1
tr0 0 02540 1
tr0 0 02543 1
tr0 0 02546 1
tr0 0 02551 1
tr0 0 02552 1
tr0 0 02564 1
tr0 0 02570 1
tr0 0 02574 1
tr0 0 02577 1
tr0 0 02578 1
tr0 0 02582 1
tr0 0 02583 1
tr0 0 02596 1
tr0 0 02604 1
tr0 0 02609 1
tr0 0 02634 1
tr0 0 02637 1
tr0 0 02638 1
tr0 0 02647 1
tr0 0 02650 1
tr0 0 02652 1
tr0 0 02660 1
tr0 0 02672 1
tr0 0 02699 1
tr0 0 02714 1
tr0 0 02728 1
tr0 0 02737 1
tr0 0 02763 1
tr0 0 02768 1
tr0 0 02769 1
tr0 0 02783 1
tr0 0 02784 1
tr0 0 02791 1
tr0 0 02794 1
tr0 0 02798 1
tr0 0 02799 1
tr0 0 02802 1
tr0 0 02810 1
tr0 0 02811 1
tr0 0 02813 1
tr0 0 02815 1
tr0 0 02818 1
tr0 0 02833 1
tr0 0 02847 1
tr0 0 02867 1
tr0 0 02884 1
tr0 0 02896 1
tr0 0 02897 1
tr0 0 02898 1
tr0 0 02902 1
tr0 0 02907 1
tr0 0 02909 1
tr0 0 02917 1
tr0 0 02924 1
tr0 0 02926 1
tr0 0 02927 1
tr0 0 02933 1
tr0 0 02939 1
tr0 0 02940 1
tr0 0 02945 1
tr0 0 02946 1
tr0 0 02948 1
tr0 0 02950 1
tr0 0 02951 1
tr0 0 02953 1
tr0 0 02956 1
tr0 0 02999 1
tr0 0 03009 1
tr0 0 03013 1
tr0 0 03023 1
tr0 0 03025 1
tr0 0 03035 1
tr0 0 03038 1
tr0 0 03039 1
tr0 0 03041 1
tr0 0 03042 1
tr0 0 03053 1
tr0 0 03056 1
tr0 0 03061 1
tr0 0 03063 1
tr0 0 03069 1
tr0 0 03071 1
tr0 0 03072 1
tr0 0 03074 1
tr0 0 03083 1
tr0 0 03085 1
tr0 0 03086 1
tr0 0 03089 1
tr0 0 03093 1
tr0 0 03094 1
tr0 0 03095 1
tr0 0 03096 1
tr0 0 03100 1
tr0 0 03107 1
tr0 0 03114 1
tr0 0 03120 1
tr0 0 03125 1
tr0 0 03129 1
tr0 0 03139 1
tr0 0 03142 1
tr0 0 03152 1
tr0 0 03153 1
tr0 0 03154 1
tr0 0 03157 1
tr0 0 03166 1
tr0 0 03168 1
tr0 0 03174 1
tr0 0 03176 1
tr0 0 03180 1
tr0 0 03184 1
tr0 0 03186 1
tr0 0 03198 1
tr0 0 03205 1
tr0 0 03216 1
tr0 0 03223 1
tr0 0 03229 1
tr0 0 03235 1
tr0 0 03239 1
tr0 0 03241 1
tr0 0 03242 1
tr0 0 03251 1
tr0 0 03252 1
tr0 0 03261 1
tr0 0 03263 1
tr0 0 03264 1
tr0 0 03266 1
tr0 0 03267 1
tr0 0 03276 1
tr0 0 03277 1
tr0 0 03287 1
tr0 0 03290 1
tr0 0 03295 1
tr0 0 03298 1
tr0 0 03302 1
tr0 0 03305 1
tr0 0 03309 1
tr0 0 03313 1
tr0 0 03320 1
tr0 0 03333 1
tr0 0 03336 1
tr0 0 03345 1
tr0 0 03356 1
tr0 0 03363 1
tr0 0 03367 1
tr0 0 03370 1
tr0 0 03372 1
tr0 0 03377 1
tr0 0 03378 1
tr0 0 03381 1
tr0 0 03384 1
tr0 0 03387 1
tr0 0 03394 1
tr0 0 03395 1
tr0 0 03396 1
tr0 0 03399 1
tr0 0 03400 1
tr0 0 03406 1
tr0 0 03409 1
tr0 0 03413 1
tr0 0 03415 1
tr0 0 03416 1
tr0 0 03417 1
tr0 0 03418 1
tr0 0 03422 1
tr0 0 03425 1
tr0 0 03459 1
tr0 0 03477 1
tr0 0 03491 1
tr0 0 03547 1
tr0 0 03565 1
tr0 0 03570 1
tr0 0 03573 1
tr0 0 03586 1
tr0 0 03587 1
tr0 0 03591 1
tr0 0 03596 1
tr0 0 03599 1
tr0 0 03607 1
tr0 0 03622 1
tr0 0 03632 1
tr0 0 03645 1
tr0 0 03652 1
tr0 0 03673 1
tr0 0 03684 1
tr0 0 03707 1
tr0 0 03711 1
tr0 0 03741 1
tr0 0 03744 1
tr0 0 03747 1
tr0 0 03759 1
tr0 0 03766 1
tr0 0 03775 1
tr0 0 03779 1
tr0 0 03790 1
tr0 0 03795 1
tr0 0 03797 1
tr0 0 03821 1
tr0 0 03828 1
tr0 0 03833 1
tr0 0 03839 1
tr0 0 03856 1
tr0 0 03864 1
tr0 0 03868 1
tr0 0 03873 1
tr0 0 03879 1
tr0 0 03906 1
tr0 0 03910 1
tr0 0 03912 1
tr0 0 03916 1
tr0 0 03918 1
tr0 0 03920 1
tr0 0 03926 1
tr0 0 03933 1
tr0 0 03934 1
tr0 0 03939 1
tr0 0 03948 1
tr0 0 03960 1
tr0 0 03961 1
tr0 0 03964 1
tr0 0 03970 1
tr0 0 03983 1
tr0 0 03984 1
tr0 0 03990 1
tr0 0 03991 1
tr0 0 03993 1
tr0 0 03999 1
tr0 0 04032 1
tr0 0 04033 1
tr0 0 04043 1
tr0 0 04052 1
tr0 0 04055 1
tr0 0 04058 1
tr0 0 04064 1
tr0 0 04069 1
tr0 0 04107 1
tr0 0 04127 1
tr0 0 04135 1
tr0 0 04145 1
tr0 0 04146 1
tr0 0 04148 1
tr0 0 04153 1
tr0 0 04158 1
tr0 0 04159 1
tr0 0 04161 1
tr0 0 04164 1
tr0 0 04167 1
tr0 0 04182 1
tr0 0 04201 1
tr0 0 04204 1
tr0 0 04209 1
tr0 0 04212 1
tr0 0 04227 1
tr0 0 04229 1
tr0 0 04233 1
tr0 0 04235 1
tr0 0 04237 1
tr0 0 04249 1
tr0 0 04277 1
tr0 0 04281 1
tr0 0 04282 1
tr0 0 04284 1
tr0 0 04301 1
tr0 0 04303 1
tr0 0 04310 1
tr0 0 04315 1
tr0 0 04323 1
tr0 0 04339 1
tr0 0 04343 1
tr0 0 04360 1
tr0 0 04367 1
tr0 0 04369 1
tr0 0 04371 1
tr0 0 04401 1
tr0 0 04408 1
tr0 0 04411 1
tr0 0 04434 1
tr0 0 04447 1
tr0 0 04465 1
tr0 0 04477 1
tr0 0 04488 1
tr0 0 04493 1
tr0 0 04510 1
tr0 0 04518 1
tr0 0 04536 1
tr0 0 04537 1
tr0 0 04579 1
tr0 0 04586 1
tr0 0 04591 1
tr0 0 04592 1
tr0 0 04605 1
tr0 0 04606 1
tr0 0 04615 1
tr0 0 04622 1
tr0 0 04623 1
tr0 0 04659 1
tr0 0 04665 1
tr0 0 04690 1
tr0 0 04733 1
tr0 0 04748 1
tr0 0 04758 1
tr0 0 04761 1
tr0 0 04772 1
tr0 0 04774 1
tr0 0 04798 1
tr0 0 04806 1
tr0 0 04807 1
tr0 0 04812 1
tr0 0 04818 1
tr0 0 04841 1
tr0 0 04850 1
tr0 0 04884 1
tr0 0 04887 1
tr0 0 04889 1
tr0 0 04890 1
tr0 0 04893 1
tr0 0 04894 1
tr0 0 04904 1
tr0 0 04908 1
tr0 0 04910 1
tr0 0 04918 1
tr0 0 04933 1
tr0 0 04937 1
tr0 0 04952 1
tr0 0 04955 1
tr0 0 04959 1
tr0 0 04963 1
tr0 0 04964 1
tr0 0 04970 1
tr0 0 04976 1
tr0 0 04981 1
tr0 0 05001 1
tr0 0 05020 1
tr0 0 05044 1
tr0 0 05077 1
tr0 0 05080 1
tr0 0 05081 1
tr0 0 05082 1
tr0 0 05091 1
tr0 0 05094 1
tr0 0 05097 1
tr0 0 05102 1
tr0 0 05112 1
tr0 0 05113 1
tr0 0 05116 1
tr0 0 05117 1
tr0 0 05121 1
tr0 0 05141 1
tr0 0 05162 1
tr0 0 05177 1
tr0 0 05203 1
tr0 0 05212 1
tr0 0 05226 1
tr0 0 05234 1
tr0 0 05272 1
tr0 0 05284 1
tr0 0 05286 1
tr0 0 05287 1
tr0 0 05291 1
tr0 0 05293 1
tr0 0 05299 1
tr0 0 05303 1
tr0 0 05304 1
tr0 0 05309 1
tr0 0 05320 1
tr0 0 05329 1
tr0 0 05331 1
tr0 0 05332 1
tr0 0 05335 1
tr0 0 05340 1
tr0 0 05349 1
tr0 0 05350 1
tr0 0 05352 1
tr0 0 05357 1
tr0 0 05362 1
tr0 0 05373 1
tr0 0 05379 1
tr0 0 05396 1
tr0 0 05398 1
tr0 0 05409 1
tr0 0 05411 1
tr0 0 05435 1
tr0 0 05441 1
tr0 0 05442 1
tr0 0 05455 1
tr0 0 05465 1
tr0 0 05469 1
tr0 0 05477 1
tr0 0 05505 1
tr0 0 05516 1
tr0 0 05517 1
tr0 0 05520 1
tr0 0 05533 1
tr0 0 05559 1
tr0 0 05596 1
tr0 0 05597 1
tr0 0 05608 1
tr0 0 05609 1
tr0 0 05615 1
tr0 0 05634 1
tr0 0 05641 1
tr0 0 05643 1
tr0 0 05652 1
tr0 0 05659 1
tr0 0 05661 1
tr0 0 05664 1
tr0 0 05665 1
tr0 0 05667 1
tr0 0 05670 1
tr0 0 05671 1
tr0 0 05672 1
tr0 0 05675 1
tr0 0 05686 1
tr0 0 05690 1
tr0 0 05693 1
tr0 0 05708 1
tr0 0 05710 1
tr0 0 05713 1
tr0 0 05724 1
tr0 0 05732 1
tr0 0 05739 1
tr0 0 05740 1
tr0 0 05750 1
tr0 0 05751 1
tr0 0 05754 1
tr0 0 05755 1
tr0 0 05756 1
tr0 0 05757 1
tr0 0 05762 1
tr0 0 05780 1
tr0 0 05789 1
tr0 0 05808 1
tr0 0 05854 1
tr0 0 05873 1
tr0 0 05875 1
tr0 0 05876 1
tr0 0 05889 1
tr0 0 05899 1
tr0 0 05900 1
tr0 0 05902 1
tr0 0 05910 1
tr0 0 05915 1
tr0 0 05919 1
tr0 0 05934 1
tr0 0 05937 1
tr0 0 05946 1
tr0 0 05947 1
tr0 0 05949 1
tr0 0 05955 1
tr0 0 05974 1
tr0 0 05975 1
tr0 0 05977 1
tr0 0 05986 1
tr0 0 06003 1
tr0 0 06020 1
tr0 0 06026 1
tr0 0 06027 1
tr0 0 06030 1
tr0 0 06034 1
tr0 0 06056 1
tr0 0 06059 1
tr0 0 06065 1
tr0 0 06068 1
tr0 0 06069 1
tr0 0 06070 1
tr0 0 06082 1
tr0 0 06085 1
tr0 0 06090 1
tr0 0 06092 1
tr0 0 06093 1
tr0 0 06096 1
tr0 0 06101 1
tr0 0 06103 1
tr0 0 06120 1
tr0 0 06121 1
tr0 0 06124 1
tr0 0 06135 1
tr0 0 06157 1
tr0 0 06180 1
tr0 0 06188 1
tr0 0 06199 1
tr0 0 06212 1
tr0 0 06217 1
tr0 0 06223 1
tr0 0 06225 1
tr0 0 06246 1
tr0 0 06276 1
tr0 0 06277 1
tr0 0 06278 1
tr0 0 06282 1
tr0 0 06315 1
tr0 0 06331 1
tr0 0 06337 1
tr0 0 06340 1
tr0 0 06346 1
tr0 0 06361 1
tr0 0 06368 1
tr0 0 06373 1
tr0 0 06382 1
tr0 0 06402 1
tr0 0 06410 1
tr0 0 06422 1
tr0 0 06428 1
tr0 0 06430 1
tr0 0 06433 1
tr0 0 06435 1
tr0 0 06441 1
tr0 0 06442 1
tr0 0 06443 1
tr0 0 06449 1
tr0 0 06463 1
tr0 0 06473 1
tr0 0 06477 1
tr0 0 06488 1
tr0 0 06497 1
tr0 0 06498 1
tr0 0 06499 1
tr0 0 06502 1
tr0 0 06511 1
tr0 0 06527 1
tr0 0 06537 1
tr0 0 06538 1
tr0 0 06556 1
tr0 0 06562 1
tr0 0 06604 1
tr0 0 06616 1
tr0 0 06630 1
tr0 0 06638 1
tr0 0 06639 1
tr0 0 06654 1
tr0 0 06655 1
tr0 0 06659 1
tr0 0 06665 1
tr0 0 06666 1
tr0 0 06675 1
tr0 0 06682 1
tr0 0 06689 1
tr0 0 06694 1
tr0 0 06695 1
tr0 0 06697 1
tr0 0 06702 1
tr0 0 06707 1
tr0 0 06710 1
tr0 0 06719 1
tr0 0 06725 1
tr0 0 06731 1
tr0 0 06767 1
tr0 0 06788 1
tr0 0 06789 1
tr0 0 06805 1
tr0 0 06807 1
tr0 0 06810 1
tr0 0 06811 1
tr0 0 06815 1
tr0 0 06817 1
tr0 0 06818 1
tr0 0 06819 1
tr0 0 06841 1
tr0 0 06844 1
tr0 0 06849 1
tr0 0 06853 1
tr0 0 06855 1
tr0 0 06856 1
tr0 0 06869 1
tr0 0 06873 1
tr0 0 06874 1
tr0 0 06884 1
tr0 0 06886 1
tr0 0 06887 1
tr0 0 06888 1
tr0 0 06908 1
tr0 0 06914 1
tr0 0 06928 1
tr0 0 06929 1
tr0 0 06930 1
tr0 0 06944 1
tr0 0 06953 1
tr0 0 06961 1
tr0 0 07024 1
tr0 0 07030 1
tr0 0 07039 1
tr0 0 07041 1
tr0 0 07045 1
tr0 0 07046 1
tr0 0 07057 1
tr0 0 07065 1
tr0 0 07068 1
tr0 0 07090 1
tr0 0 07093 1
tr0 0 07109 1
tr0 0 07110 1
tr0 0 07111 1
tr0 0 07130 1
tr0 0 07136 1
tr0 0 07149 1
tr0 0 07168 1
tr0 0 07199 1
tr0 0 07218 1
tr0 0 07220 1
tr0 0 07225 1
tr0 0 07234 1
tr0 0 07240 1
tr0 0 07247 1
tr0 0 07253 1
tr0 0 07260 1
tr0 0 07296 1
tr0 0 07305 1
tr0 0 07315 1
tr0 0 07319 1
tr0 0 07337 1
tr0 0 07342 1
tr0 0 07344 1
tr0 0 07352 1
tr0 0 07353 1
tr0 0 07354 1
tr0 0 07362 1
tr0 0 07370 1
tr0 0 07386 1
tr0 0 07391 1
tr0 0 07407 1
tr0 0 07433 1
tr0 0 07453 1
tr0 0 07464 1
tr0 0 07469 1
tr0 0 07470 1
tr0 0 07475 1
tr0 0 07482 1
tr0 0 07484 1
tr0 0 07490 1
tr0 0 07494 1
tr0 0 07497 1
tr0 0 07504 1
tr0 0 07539 1
tr0 0 07548 1
tr0 0 07558 1
tr0 0 07570 1
tr0 0 07593 1
tr0 0 07596 1
tr0 0 07603 1
tr0 0 07604 1
tr0 0 07605 1
tr0 0 07627 1
tr0 0 07635 1
tr0 0 07637 1
tr0 0 07641 1
tr0 0 07644 1
tr0 0 07650 1
tr0 0 07659 1
tr0 0 07670 1
tr0 0 07672 1
tr0 0 07678 1
tr0 0 07679 1
tr0 0 07693 1
tr0 0 07698 1
tr0 0 07704 1
tr0 0 07715 1
tr0 0 07729 1
tr0 0 07733 1
tr0 0 07737 1
tr0 0 07747 1
tr0 0 07749 1
tr0 0 07765 1
tr0 0 07773 1
tr0 0 07784 1
tr0 0 07785 1
tr0 0 07789 1
tr0 0 07791 1
tr0 0 07795 1
tr0 0 07796 1
tr0 0 07810 1
tr0 0 07813 1
tr0 0 07814 1
tr0 0 07816 1
tr0 0 07817 1
tr0 0 07819 1
tr0 0 07820 1
tr0 0 07824 1
tr0 0 07825 1
tr0 0 07831 1
tr0 0 07839 1
tr0 0 07847 1
tr0 0 07855 1
tr0 0 07859 1
tr0 0 07862 1
tr0 0 07865 1
tr0 0 07867 1
tr0 0 07871 1
tr0 0 07891 1
tr0 0 07895 1
tr0 0 07896 1
tr0 0 07897 1
tr0 0 07899 1
tr0 0 07904 1
tr0 0 07912 1
tr0 0 07927 1
tr0 0 07928 1
tr0 0 07930 1
tr0 0 07935 1
tr0 0 07940 1
tr0 0 07959 1
tr0 0 07963 1
tr0 0 07964 1
tr0 0 07966 1
tr0 0 07967 1
tr0 0 07968 1
tr0 0 07969 1
tr0 0 07977 1
tr0 0 07983 1
tr0 0 07984 1
tr0 0 07992 1
tr0 0 07993 1
tr0 0 07997 1
tr0 0 08002 1
tr0 0 08010 1
tr0 0 08020 1
tr0 0 08021 1
tr0 0 08023 1
tr0 0 08040 1
tr0 0 08085 1
tr0 0 08091 1
tr0 0 08100 1
tr0 0 08115 1
tr0 0 08123 1
tr0 0 08126 1
tr0 0 08130 1
tr0 0 08166 1
tr0 0 08204 1
tr0 0 08205 1
tr0 0 08217 1
tr0 0 08220 1
tr0 0 08222 1
tr0 0 08224 1
tr0 0 08225 1
tr0 0 08255 1
tr0 0 08259 1
tr0 0 08264 1
tr0 0 08279 1
tr0 0 08287 1
tr0 0 08288 1
tr0 0 08293 1
tr0 0 08298 1
tr0 0 08327 1
tr0 0 08351 1
tr0 0 08353 1
tr0 0 08355 1
tr0 0 08359 1
tr0 0 08361 1
tr0 0 08367 1
tr0 0 08368 1
tr0 0 08370 1
tr0 0 08373 1
tr0 0 08387 1
tr0 0 08396 1
tr0 0 08406 1
tr0 0 08428 1
tr0 0 08429 1
tr0 0 08430 1
tr0 0 08432 1
tr0 0 08433 1
tr0 0 08438 1
tr0 0 08441 1
tr0 0 08467 1
tr0 0 08472 1
tr0 0 08496 1
tr0 0 08497 1
tr0 0 08509 1
tr0 0 08512 1
tr0 0 08514 1
tr0 0 08518 1
tr0 0 08536 1
tr0 0 08543 1
tr0 0 08544 1
tr0 0 08546 1
tr0 0 08558 1
tr0 0 08561 1
tr0 0 08567 1
tr0 0 08571 1
tr0 0 08572 1
tr0 0 08615 1
tr0 0 08617 1
tr0 0 08618 1
tr0 0 08628 1
tr0 0 08666 1
tr0 0 08685 1
tr0 0 08689 1
tr0 0 08690 1
tr0 0 08691 1
tr0 0 08704 1
tr0 0 08709 1
tr0 0 08711 1
tr0 0 08717 1
tr0 0 08730 1
tr0 0 08734 1
tr0 0 08748 1
tr0 0 08756 1
tr0 0 08758 1
tr0 0 08771 1
tr0 0 08778 1
tr0 0 08780 1
tr0 0 08781 1
tr0 0 08795 1
tr0 0 08822 1
tr0 0 08823 1
tr0 0 08830 1
tr0 0 08836 1
tr0 0 08849 1
tr0 0 08853 1
tr0 0 08854 1
tr0 0 08855 1
tr0 0 08877 1
tr0 0 08880 1
tr0 0 08906 1
tr0 0 08909 1
tr0 0 08916 1
tr0 0 08918 1
tr0 0 08919 1
tr0 0 08932 1
tr0 0 08944 1
tr0 0 08945 1
tr0 0 08947 1
tr0 0 08962 1
tr0 0 08974 1
tr0 0 08975 1
tr0 0 08977 1
tr0 0 08987 1
tr0 0 08996 1
tr0 0 08998 1
tr0 0 09010 1
tr0 0 09020 1
tr0 0 09025 1
tr0 0 09027 1
tr0 0 09033 1
tr0 0 09036 1
tr0 0 09041 1
tr0 0 09045 1
tr0 0 09047 1
tr0 0 09059 1
tr0 0 09064 1
tr0 0 09067 1
tr0 0 09068 1
tr0 0 09075 1
tr0 0 09081 1
tr0 0 09087 1
tr0 0 09088 1
tr0 0 09090 1
tr0 0 09098 1
tr0 0 09102 1
tr0 0 09108 1
tr0 0 09110 1
tr0 0 09112 1
tr0 0 09147 1
tr0 0 09152 1
tr0 0 09156 1
tr0 0 09172 1
tr0 0 09210 1
tr0 0 09230 1
tr0 0 09234 1
tr0 0 09239 1
tr0 0 09243 1
tr0 0 09246 1
tr0 0 09252 1
tr0 0 09258 1
tr0 0 09259 1
tr0 0 09264 1
tr0 0 09277 1
tr0 0 09283 1
tr0 0 09285 1
tr0 0 09288 1
tr0 0 09296 1
tr0 0 09302 1
tr0 0 09324 1
tr0 0 09332 1
tr0 0 09338 1
tr0 0 09343 1
tr0 0 09357 1
tr0 0 09363 1
tr0 0 09365 1
tr0 0 09381 1
tr0 0 09382 1
tr0 0 09392 1
tr0 0 09397 1
tr0 0 09410 1
tr0 0 09412 1
tr0 0 09423 1
tr0 0 09431 1
tr0 0 09432 1
tr0 0 09434 1
tr0 0 09435 1
tr0 0 09443 1
tr0 0 09454 1
tr0 0 09469 1
tr0 0 09472 1
tr0 0 09487 1
tr0 0 09497 1
tr0 0 09499 1
tr0 0 09509 1
tr0 0 09510 1
tr0 0 09526 1
tr0 0 09538 1
tr0 0 09539 1
tr0 0 09544 1
tr0 0 09557 1
tr0 0 09561 1
tr0 0 09565 1
tr0 0 09570 1
tr0 0 09582 1
tr0 0 09597 1
tr0 0 09607 1
tr0 0 09608 1
tr0 0 09619 1
tr0 0 09626 1
tr0 0 09635 1
tr0 0 09637 1
tr0 0 09638 1
tr0 0 09640 1
tr0 0 09642 1
tr0 0 09644 1
tr0 0 09661 1
tr0 0 09668 1
tr0 0 09677 1
tr0 0 09731 1
tr0 0 09733 1
tr0 0 09737 1
tr0 0 09742 1
tr0 0 09755 1
tr0 0 09779 1
tr0 0 09809 1
tr0 0 09814 1
tr0 0 09823 1
tr0 0 09833 1
tr0 0 09844 1
tr0 0 09850 1
tr0 0 09858 1
tr0 0 09867 1
tr0 0 09872 1
tr0 0 09891 1
tr0 0 09893 1
tr0 0 09913 1
tr0 0 09918 1
tr0 0 09920 1
tr0 0 09925 1
tr0 0 09926 1
tr0 0 09928 1
tr0 0 09929 1
tr0 0 09942 1
tr0 0 09947 1
tr0 0 09954 1
tr0 0 09971 1
tr0 0 09976 1
tr0 0 09977 1
tr0 0 09978 1
tr0 0 09984 1
tr0 0 10005 1
tr0 0 10018 1
tr0 0 10025 1
tr0 0 10042 1
tr0 0 10049 1
tr0 0 10052 1
tr0 0 10058 1
tr0 0 10065 1
tr0 0 10066 1
tr0 0 10071 1
tr0 0 10073 1
tr0 0 10078 1
tr0 0 10086 1
tr0 0 10088 1
tr0 0 10098 1
tr0 0 10102 1
tr0 0 10106 1
tr0 0 10128 1
tr0 0 10129 1
tr0 0 10139 1
tr0 0 10146 1
tr0 0 10158 1
tr0 0 10168 1
tr0 0 10171 1
tr0 0 10190 1
tr0 0 10213 1
tr0 0 10218 1
tr0 0 10219 1
tr0 0 10224 1
tr0 0 10238 1
tr0 0 10310 1
tr0 0 10311 1
tr0 0 10313 1
tr0 0 10335 1
tr0 0 10348 1
tr0 0 10361 1
tr0 0 10371 1
tr0 0 10399 1
tr0 0 10404 1
tr0 0 10414 1
tr0 0 10419 1
tr0 0 10423 1
tr0 0 10429 1
tr0 0 10434 1
tr0 0 10435 1
tr0 0 10442 1
tr0 0 10446 1
tr0 0 10453 1
tr0 0 10454 1
tr0 0 10458 1
tr0 0 10462 1
tr0 0 10467 1
tr0 0 10473 1
tr0 0 10508 1
tr0 0 10518 1
tr0 0 10527 1
tr0 0 10541 1
tr0 0 10551 1
tr0 0 10555 1
tr0 0 10563 1
tr0 0 10576 1
tr0 0 10582 1
tr0 0 10585 1
tr0 0 10587 1
tr0 0 10596 1
tr0 0 10674 1
tr0 0 10676 1
tr0 0 10692 1
tr0 0 10694 1
tr0 0 10714 1
tr0 0 10721 1
tr0 0 10744 1
tr0 0 10768 1
tr0 0 10784 1
tr0 0 10786 1
tr0 0 10787 1
tr0 0 10788 1
tr0 0 10794 1
tr0 0 10815 1
tr0 0 10816 1
tr0 0 10831 1
tr0 0 10834 1
tr0 0 10843 1
tr0 0 10844 1
tr0 0 10848 1
tr0 0 10849 1
tr0 0 10867 1
tr0 0 10871 1
tr0 0 10872 1
tr0 0 10874 1
tr0 0 10883 1
tr0 0 10887 1
tr0 0 10892 1
tr0 0 10895 1
tr0 0 10899 1
tr0 0 10901 1
tr0 0 10908 1
tr0 0 10909 1
tr0 0 10918 1
tr0 0 10928 1
tr0 0 10941 1
tr0 0 10950 1
tr0 0 10960 1
tr0 0 10961 1
tr0 0 10962 1
tr0 0 10969 1
tr0 0 10971 1
tr0 0 10978 1
tr0 0 10985 1
tr0 0 10988 1
tr0 0 10989 1
tr0 0 10992 1
tr0 0 10994 1
tr0 0 10998 1
tr0 0 11006 1
tr0 0 11029 1
tr0 0 11041 1
tr0 0 11048 1
tr0 0 11051 1
tr0 0 11056 1
tr0 0 11063 1
tr0 0 11066 1
tr0 0 11074 1
tr0 0 11078 1
tr0 0 11086 1
tr0 0 11088 1
tr0 0 11095 1
tr0 0 11101 1
tr0 0 11102 1
tr0 0 11113 1
tr0 0 11126 1
tr0 0 11133 1
tr0 0 11134 1
tr0 0 11136 1
tr0 0 11139 1
tr0 0 11143 1
tr0 0 11144 1
tr0 0 11161 1
tr0 0 11177 1
tr0 0 11192 1
tr0 0 11201 1
tr0 0 11202 1
tr0 0 11210 1
tr0 0 11213 1
tr0 0 11236 1
tr0 0 11237 1
tr0 0 11239 1
tr0 0 11242 1
tr0 0 11252 1
tr0 0 11253 1
tr0 0 11255 1
tr0 0 11257 1
tr0 0 11268 1
tr0 0 11274 1
tr0 0 11279 1
tr0 0 11285 1
tr0 0 11289 1
tr0 0 11292 1
tr0 0 11295 1
tr0 0 11299 1
tr0 0 11324 1
tr0 0 11344 1
tr0 0 11348 1
tr0 0 11349 1
tr0 0 11362 1
tr0 0 11369 1
tr0 0 11373 1
tr0 0 11374 1
tr0 0 11378 1
tr0 0 11386 1
tr0 0 11393 1
tr0 0 11396 1
tr0 0 11402 1
tr0 0 11405 1
tr0 0 11431 1
tr0 0 11441 1
tr0 0 11449 1
tr0 0 11464 1
tr0 0 11465 1
tr0 0 11468 1
tr0 0 11469 1
tr0 0 11477 1
tr0 0 11484 1
tr0 0 11488 1
tr0 0 11492 1
tr0 0 11504 1
tr0 0 11505 1
tr0 0 11508 1
tr0 0 11514 1
tr0 0 11515 1
tr0 0 11522 1
tr0 0 11523 1
tr0 0 11526 1
tr0 0 11527 1
tr0 0 11539 1
tr0 0 11550 1
tr0 0 11553 1
tr0 0 11563 1
tr0 0 11579 1
tr0 0 11584 1
tr0 0 11597 1
tr0 0 11598 1
tr0 0 11599 1
tr0 0 11602 1
tr0 0 11619 1
tr0 0 11623 1
tr0 0 11657 1
tr0 0 11661 1
tr0 0 11679 1
tr0 0 11707 1
tr0 0 11722 1
tr0 0 11738 1
tr0 0 11743 1
tr0 0 11744 1
tr0 0 11748 1
tr0 0 11751 1
tr0 0 11755 1
tr0 0 11762 1
tr0 0 11763 1
tr0 0 11790 1
tr0 0 11791 1
tr0 0 11793 1
tr0 0 11808 1
tr0 0 11812 1
tr0 0 11816 1
tr0 0 11821 1
tr0 0 11822 1
tr0 0 11825 1
tr0 0 11829 1
tr0 0 11833 1
tr0 0 11837 1
tr0 0 11841 1
tr0 0 11847 1
tr0 0 11854 1
tr0 0 11860 1
tr0 0 11863 1
tr0 0 11867 1
tr0 0 11871 1
tr0 0 11872 1
tr0 0 11873 1
tr0 0 11876 1
tr0 0 11888 1
tr0 0 11891 1
tr0 0 11892 1
tr0 0 11895 1
tr0 0 11905 1
tr0 0 11909 1
tr0 0 11910 1
tr0 0 11915 1
tr0 0 11916 1
tr0 0 11920 1
tr0 0 11923 1
tr0 0 11954 1
tr0 0 11962 1
tr0 0 11968 1
tr0 0 11981 1
tr0 0 11982 1
tr0 0 11996 1
tr0 0 11997 1
tr0 0 11999 1
tr0 0 12007 1
tr0 0 12018 1
tr0 0 12028 1
tr0 0 12032 1
tr0 0 12049 1
tr0 0 12053 1
tr0 0 12054 1
tr0 0 12068 1
tr0 0 12083 1
tr0 0 12087 1
tr0 0 12093 1
tr0 0 12094 1
tr0 0 12106 1
tr0 0 12127 1
tr0 0 12132 1
tr0 0 12133 1
tr0 0 12138 1
tr0 0 12139 1
tr0 0 12140 1
tr0 0 12146 1
tr0 0 12156 1
tr0 0 12171 1
tr0 0 12172 1
tr0 0 12173 1
tr0 0 12178 1
tr0 0 12186 1
tr0 0 12191 1
tr0 0 12195 1
tr0 0 12203 1
tr0 0 12205 1
tr0 0 12213 1
tr0 0 12219 1
tr0 0 12221 1
tr0 0 12222 1
tr0 0 12225 1
tr0 0 12226 1
tr0 0 12236 1
tr0 0 12250 1
tr0 0 12276 1
tr0 0 12281 1
tr0 0 12298 1
tr0 0 12305 1
tr0 0 12309 1
tr0 0 12321 1
tr0 0 12331 1
tr0 0 12339 1
tr0 0 12344 1
tr0 0 12345 1
tr0 0 12350 1
tr0 0 12356 1
tr0 0 12368 1
tr0 0 12374 1
tr0 0 12378 1
tr0 0 12386 1
tr0 0 12390 1
tr0 0 12395 1
tr0 0 12409 1
tr0 0 12441 1
tr0 0 12443 1
tr0 0 12449 1
tr0 0 12454 1
tr0 0 12460 1
tr0 0 12468 1
tr0 0 12485 1
tr0 0 12492 1
tr0 0 12504 1
tr0 0 12512 1
tr0 0 12529 1
tr0 0 12530 1
tr0 0 12532 1
tr0 0 12538 1
tr0 0 12540 1
tr0 0 12546 1
tr0 0 12557 1
tr0 0 12600 1
tr0 0 12605 1
tr0 0 12610 1
tr0 0 12620 1
tr0 0 12625 1
tr0 0 12629 1
tr0 0 12636 1
tr0 0 12644 1
tr0 0 12646 1
tr0 0 12647 1
tr0 0 12648 1
tr0 0 12652 1
tr0 0 12660 1
tr0 0 12661 1
tr0 0 12663 1
tr0 0 12667 1
tr0 0 12668 1
tr0 0 12676 1
tr0 0 12677 1
tr0 0 12679 1
tr0 0 12685 1
tr0 0 12688 1
tr0 0 12697 1
tr0 0 12698 1
tr0 0 12699 1
tr0 0 12702 1
tr0 0 12716 1
tr0 0 12717 1
tr0 0 12719 1
tr0 0 12722 1
tr0 0 12751 1
tr0 0 12759 1
tr0 0 12767 1
tr0 0 12797 1
tr0 0 12822 1
tr0 0 12827 1
tr0 0 12834 1
tr0 0 12839 1
tr0 0 12852 1
tr0 0 12853 1
tr0 0 12858 1
tr0 0 12866 1
tr0 0 12883 1
tr0 0 12888 1
tr0 0 12889 1
tr0 0 12890 1
tr0 0 12900 1
tr0 0 12905 1
tr0 0 12933 1
tr0 0 12937 1
tr0 0 12956 1
tr0 0 12965 1
tr0 0 12973 1
tr0 0 12974 1
tr0 0 12981 1
tr0 0 12988 1
tr0 0 12995 1
tr0 0 12996 1
tr0 0 13005 1
tr0 0 13011 1
tr0 0 13021 1
tr0 0 13023 1
tr0 0 13036 1
tr0 0 13037 1
tr0 0 13041 1
tr0 0 13043 1
tr0 0 13054 1
tr0 0 13060 1
tr0 0 13072 1
tr0 0 13077 1
tr0 0 13085 1
tr0 0 13089 1
tr0 0 13090 1
tr0 0 13095 1
tr0 0 13103 1
tr0 0 13124 1
tr0 0 13139 1
tr0 0 13151 1
tr0 0 13163 1
tr0 0 13168 1
tr0 0 13175 1
tr0 0 13182 1
tr0 0 13188 1
tr0 0 13189 1
tr0 0 13194 1
tr0 0 13195 1
tr0 0 13196 1
tr0 0 13197 1
tr0 0 13199 1
tr0 0 13205 1
tr0 0 13206 1
tr0 0 13210 1
tr0 0 13211 1
tr0 0 13212 1
tr0 0 13235 1
tr0 0 13265 1
tr0 0 13393 1
tr0 0 13532 1
tr0 0 13704 1
tr0 0 13711 1
tr0 0 13714 1
tr0 0 13753 1
tr0 0 13775 1
tr0 0 13787 1
tr0 0 13790 1
tr0 0 13870 1
tr0 0 13874 1
tr0 0 14028 1
tr0 0 14099 1
tr0 0 14131 1
tr0 0 14154 1
tr0 0 14156 1
tr0 0 14177 1
tr0 0 14201 1
tr0 0 14263 1
tr0 0 14298 1
tr0 0 14315 1
tr0 0 14376 1
tr0 0 14394 1
tr0 0 14423 1
tr0 0 14469 1
tr0 0 14485 1
tr0 0 14504 1
tr0 0 14506 1
tr0 0 14542 1
tr0 0 14563 1
tr0 0 14582 1
tr0 0 14587 1
tr0 0 14604 1
tr0 0 14619 1
tr0 0 14623 1
tr0 0 14626 1
tr0 0 14679 1
tr0 0 14715 1
tr0 0 14736 1
tr0 0 14843 1
tr0 0 14852 1
tr0 0 14865 1
tr0 0 14888 1
tr0 0 14900 1
tr0 0 14907 1
tr0 0 14909 1
tr0 0 14921 1
tr0 0 14932 1
tr0 0 14941 1
tr0 0 14943 1
tr0 0 14949 1
tr0 0 14978 1
tr0 0 14982 1
tr0 0 15001 1
tr0 0 15004 1
tr0 0 15024 1
tr0 0 15031 1
tr0 0 15037 1
tr0 0 15052 1
tr0 0 15060 1
tr0 0 15061 1
tr0 0 15063 1
tr0 0 15069 1
tr0 0 15091 1
tr0 0 15111 1
tr0 0 15119 1
tr0 0 15122 1
tr0 0 15124 1
tr0 0 15128 1
tr0 0 15138 1
tr0 0 15146 1
tr0 0 15149 1
tr0 0 15156 1
tr0 0 15161 1
tr0 0 15204 1
tr0 0 15210 1
tr0 0 15217 1
tr0 0 15239 1
tr0 0 15255 1
tr0 0 15276 1
tr0 0 15281 1
tr0 0 15294 1
tr0 0 15302 1
tr0 0 15306 1
tr0 0 15308 1
tr0 0 15311 1
tr0 0 15335 1
tr0 0 15337 1
tr0 0 15349 1
tr0 0 15363 1
tr0 0 15366 1
tr0 0 15372 1
tr0 0 15404 1
tr0 0 15421 1
tr0 0 15425 1
tr0 0 15464 1
tr0 0 15467 1
tr0 0 15468 1
tr0 0 15479 1
tr0 0 15487 1
tr0 0 15501 1
tr0 0 15542 1
tr0 0 15544 1
tr0 0 15545 1
tr0 0 15561 1
tr0 0 15565 1
tr0 0 15571 1
tr0 0 15575 1
tr0 0 15591 1
tr0 0 15595 1
tr0 0 15596 1
tr0 0 15600 1
tr0 0 15605 1
tr0 0 15616 1
tr0 0 15629 1
tr0 0 15664 1
tr0 0 15672 1
tr0 0 15682 1
tr0 0 15698 1
tr0 0 15713 1
tr0 0 15717 1
tr0 0 15739 1
tr0 0 15778 1
tr0 0 15785 1
tr0 0 15810 1
tr0 0 15861 1
tr0 0 15879 1
tr0 0 15885 1
tr0 0 15892 1
tr0 0 15894 1
tr0 0 15898 1
tr0 0 15900 1
tr0 0 15912 1
tr0 0 15918 1
tr0 0 15920 1
tr0 0 15956 1
tr0 0 15961 1
tr0 0 15963 1
tr0 0 15968 1
tr0 0 15970 1
tr0 0 15993 1
tr0 0 15995 1
tr0 0 15997 1
tr0 0 16002 1
tr0 0 16007 1
tr0 0 16021 1
tr0 0 16026 1
tr0 0 16029 1
tr0 0 16033 1
tr0 0 16037 1
tr0 0 16041 1
tr0 0 16091 1
tr0 0 16117 1
tr0 0 16130 1
tr0 0 16136 1
tr0 0 16145 1
tr0 0 16152 1
tr0 0 16155 1
tr0 0 16159 1
tr0 0 16163 1
tr0 0 16173 1
tr0 0 16176 1
tr0 0 16203 1
tr0 0 16210 1
tr0 0 16211 1
tr0 0 16215 1
tr0 0 16216 1
tr0 0 16223 1
tr0 0 16232 1
tr0 0 16233 1
tr0 0 16243 1
tr0 0 16247 1
tr0 0 16258 1
tr0 0 16277 1
tr0 0 16287 1
tr0 0 16302 1
tr0 0 16307 1
tr0 0 16320 1
tr0 0 16332 1
tr0 0 16370 1
tr0 0 16379 1
tr0 0 16395 1
tr0 0 16398 1
tr0 0 16402 1
tr0 0 16403 1
tr0 0 16404 1
tr0 0 16406 1
tr0 0 16409 1
tr0 0 16419 1
tr0 0 16420 1
tr0 0 16427 1
tr0 0 16443 1
tr0 0 16444 1
tr0 0 16449 1
tr0 0 16450 1
tr0 0 16457 1
tr0 0 16459 1
tr0 0 16460 1
tr0 0 16463 1
tr0 0 16465 1
tr0 0 16475 1
tr0 0 16479 1
tr0 0 16483 1
tr0 0 16493 1
tr0 0 16510 1
tr0 0 16512 1
tr0 0 16513 1
tr0 0 16519 1
tr0 0 16521 1
tr0 0 16523 1
tr0 0 16531 1
tr0 0 16555 1
tr0 0 16563 1
tr0 0 16570 1
tr0 0 16577 1
tr0 0 16583 1
tr0 0 16591 1
tr0 0 16597 1
tr0 0 16621 1
tr0 0 16622 1
tr0 0 16646 1
tr0 0 16648 1
tr0 0 16652 1
tr0 0 16656 1
tr0 0 16663 1
tr0 0 16667 1
tr0 0 16675 1
tr0 0 16676 1
tr0 0 16677 1
tr0 0 16680 1
tr0 0 16684 1
tr0 0 16685 1
tr0 0 16688 1
tr0 0 16695 1
tr0 0 16700 1
tr0 0 16707 1
tr0 0 16714 1
tr0 0 16718 1
tr0 0 16727 1
tr0 0 16734 1
tr0 0 16737 1
tr0 0 16747 1
tr0 0 16761 1
tr0 0 16796 1
tr0 0 16811 1
tr0 0 16833 1
tr0 0 16851 1
tr0 0 16872 1
tr0 0 16873 1
tr0 0 16874 1
tr0 0 16875 1
tr0 0 16917 1
tr0 0 16922 1
tr0 0 16923 1
tr0 0 16925 1
tr0 0 16941 1
tr0 0 16953 1
tr0 0 16971 1
tr0 0 16979 1
tr0 0 16983 1
tr0 0 16992 1
tr0 0 16995 1
tr0 0 16998 1
tr0 0 17000 1
tr0 0 17004 1
tr0 0 17012 1
tr0 0 17015 1
tr0 0 17025 1
tr0 0 17039 1
tr0 0 17046 1
tr0 0 17048 1
tr0 0 17053 1
tr0 0 17076 1
tr0 0 17079 1
tr0 0 17081 1
tr0 0 17082 1
tr0 0 17086 1
tr0 0 17099 1
tr0 0 17103 1
tr0 0 17110 1
tr0 0 17115 1
tr0 0 17122 1
tr0 0 17127 1
tr0 0 17134 1
tr0 0 17146 1
tr0 0 17148 1
tr0 0 17151 1
tr0 0 17164 1
tr0 0 17168 1
tr0 0 17171 1
tr0 0 17174 1
tr0 0 17178 1
tr0 0 17182 1
tr0 0 17184 1
tr0 0 17212 1
tr0 0 17250 1
tr0 0 17314 1
tr0 0 17317 1
tr0 0 17323 1
tr0 0 17333 1
tr0 0 17340 1
tr0 0 17347 1
tr0 0 17349 1
tr0 0 17388 1
tr0 0 17479 1
tr0 0 17481 1
tr0 0 17484 1
tr0 0 17487 1
tr0 0 17488 1
tr0 0 17491 1
tr0 0 17493 1
tr0 0 17501 1
tr0 0 17502 1
tr0 0 17506 1
tr0 0 17507 1
tr0 0 17513 1
tr0 0 17518 1
tr0 0 17529 1
tr0 0 17534 1
tr0 0 17538 1
tr0 0 17540 1
tr0 0 17551 1
tr0 0 17559 1
tr0 0 17562 1
tr0 0 17567 1
tr0 0 17569 1
tr0 0 17573 1
tr0 0 17574 1
tr0 0 17576 1
tr0 0 17579 1
tr0 0 17580 1
tr0 0 17585 1
tr0 0 17589 1
tr0 0 17595 1
tr0 0 17596 1
tr0 0 17597 1
tr0 0 17601 1
tr0 0 17612 1
tr0 0 17625 1
tr0 0 17640 1
tr0 0 17643 1
tr0 0 17644 1
tr0 0 17651 1
tr0 0 17652 1
tr0 0 17659 1
tr0 0 17666 1
tr0 0 17671 1
tr0 0 17673 1
tr0 0 17677 1
tr0 0 17682 1
tr0 0 17683 1
tr0 0 17687 1
tr0 0 17688 1
tr0 0 17694 1
tr0 0 17700 1
tr0 0 17701 1
tr0 0 17706 1
tr0 0 17710 1
tr0 0 17716 1
tr0 0 17719 1
tr0 0 17723 1
tr0 0 17727 1
tr0 0 17728 1
tr0 0 17738 1
tr0 0 17743 1
tr0 0 17746 1
tr0 0 17749 1
tr0 0 17752 1
tr0 0 17760 1
tr0 0 17762 1
tr0 0 17763 1
tr0 0 17766 1
tr0 0 17770 1
tr0 0 17775 1
tr0 0 17776 1
tr0 0 17777 1
tr0 0 17782 1
tr0 0 17784 1
tr0 0 17785 1
tr0 0 17787 1
tr0 0 17792 1
tr0 0 17798 1
tr0 0 17809 1
tr0 0 17810 1
tr0 0 17812 1
tr0 0 17822 1
tr0 0 17825 1
tr0 0 17827 1
tr0 0 17835 1
tr0 0 17837 1
tr0 0 17839 1
tr0 0 17847 1
tr0 0 17849 1
tr0 0 17853 1
tr0 0 17857 1
tr0 0 17860 1
tr0 0 17863 1
tr0 0 17864 1
tr0 0 17866 1
tr0 0 17867 1
tr0 0 17872 1
tr0 0 17873 1
tr0 0 17876 1
tr0 0 17886 1
tr0 0 17907 1
tr0 0 17911 1
tr0 0 17913 1
tr0 0 17950 1
tr0 0 17956 1
tr0 0 17957 1
tr0 0 17958 1
tr0 0 17960 1
tr0 0 17968 1
tr0 0 17973 1
tr0 0 17978 1
tr0 0 17981 1
tr0 0 17984 1
tr0 0 17986 1
tr0 0 17993 1
tr0 0 18017 1
tr0 0 18029 1
tr0 0 18036 1
tr0 0 18037 1
tr0 0 18038 1
tr0 0 18040 1
tr0 0 18071 1
tr0 0 18075 1
tr0 0 18079 1
tr0 0 18080 1
tr0 0 18101 1
tr0 0 18111 1
tr0 0 18135 1
tr0 0 18138 1
tr0 0 18145 1
tr0 0 18149 1
tr0 0 18157 1
tr0 0 18182 1
tr0 0 18187 1
tr0 0 18188 1
tr0 0 18205 1
tr0 0 18210 1
tr0 0 18223 1
tr0 0 18229 1
tr0 0 18232 1
tr0 0 18236 1
tr0 0 18238 1
tr0 0 18239 1
tr0 0 18252 1
tr0 0 18300 1
tr0 0 18313 1
tr0 0 18317 1
tr0 0 18325 1
tr0 0 18334 1
tr0 0 18336 1
tr0 0 18342 1
tr0 0 18351 1
tr0 0 18381 1
tr0 0 18435 1
tr0 0 18438 1
tr0 0 18467 1
tr0 0 18476 1
tr0 0 18479 1
tr0 0 18504 1
tr0 0 18530 1
tr0 0 18566 1
tr0 0 18567 1
tr0 0 18569 1
tr0 0 18570 1
tr0 0 18575 1
tr0 0 18576 1
tr0 0 18577 1
tr0 0 18585 1
tr0 0 18590 1
tr0 0 18592 1
tr0 0 18600 1
tr0 0 18605 1
tr0 0 18638 1
tr0 0 18643 1
tr0 0 18644 1
tr0 0 18654 1
tr0 0 18658 1
tr0 0 18660 1
tr0 0 18663 1
tr0 0 18667 1
tr0 0 18682 1
tr0 0 18686 1
tr0 0 18688 1
tr0 0 18730 1
tr0 0 18751 1
tr0 0 18778 1
tr0 0 18783 1
tr0 0 18811 1
tr0 0 18842 1
tr0 0 18856 1
tr0 0 18857 1
tr0 0 18859 1
tr0 0 18861 1
tr0 0 18863 1
tr0 0 18882 1
tr0 0 18895 1
tr0 0 18898 1
tr0 0 18906 1
tr0 0 18910 1
tr0 0 18921 1
tr0 0 18922 1
tr0 0 18938 1
tr0 0 18959 1
tr0 0 18962 1
tr0 0 18963 1
tr0 0 18975 1
tr0 0 18986 1
tr0 0 18988 1
tr0 0 19006 1
tr0 0 19042 1
tr0 0 19048 1
tr0 0 19050 1
tr0 0 19087 1
tr0 0 19113 1
tr0 0 19118 1
tr0 0 19127 1
tr0 0 19136 1
tr0 0 19137 1
tr0 0 19152 1
tr0 0 19155 1
tr0 0 19159 1
tr0 0 19180 1
tr0 0 19181 1
tr0 0 19202 1
tr0 0 19208 1
tr0 0 19240 1
tr0 0 19241 1
tr0 0 19255 1
tr0 0 19256 1
tr0 0 19258 1
tr0 0 19263 1
tr0 0 19270 1
tr0 0 19271 1
tr0 0 19272 1
tr0 0 19280 1
tr0 0 19281 1
tr0 0 19283 1
tr0 0 19286 1
tr0 0 19290 1
tr0 0 19297 1
tr0 0 19307 1
tr0 0 19312 1
tr0 0 19325 1
tr0 0 19327 1
tr0 0 19331 1
tr0 0 19334 1
tr0 0 19341 1
tr0 0 19343 1
tr0 0 19344 1
tr0 0 19351 1
tr0 0 19352 1
tr0 0 19356 1
tr0 0 19359 1
tr0 0 19360 1
tr0 0 19364 1
tr0 0 19368 1
tr0 0 19369 1
tr0 0 19378 1
tr0 0 19379 1
tr0 0 19380 1
tr0 0 19381 1
tr0 0 19383 1
tr0 0 19386 1
tr0 0 19406 1
tr0 0 19409 1
tr0 0 19411 1
tr0 0 19412 1
tr0 0 19419 1
tr0 0 19420 1
tr0 0 19426 1
tr0 0 19428 1
tr0 0 19432 1
tr0 0 19435 1
tr0 0 19441 1
tr0 0 19447 1
tr0 0 19448 1
tr0 0 19451 1
tr0 0 19453 1
tr0 0 19461 1
tr0 0 19462 1
tr0 0 19464 1
tr0 0 19470 1
tr0 0 19473 1
tr0 0 19482 1
tr0 0 19501 1
tr0 0 19507 1
tr0 0 19510 1
tr0 0 19572 1
tr0 0 19630 1
tr0 0 19631 1
tr0 0 19635 1
tr0 0 19645 1
tr0 0 19649 1
tr0 0 19654 1
tr0 0 19663 1
tr0 0 19666 1
tr0 0 19675 1
tr0 0 19679 1
tr0 0 19681 1
tr0 0 19683 1
tr0 0 19690 1
tr0 0 19697 1
tr0 0 19699 1
tr0 0 19702 1
tr0 0 19703 1
tr0 0 19706 1
tr0 0 19711 1
tr0 0 19713 1
tr0 0 19719 1
tr0 0 19726 1
tr0 0 19727 1
tr0 0 19731 1
tr0 0 19732 1
tr0 0 19734 1
tr0 0 19737 1
tr0 0 19744 1
tr0 0 19748 1
tr0 0 19751 1
tr0 0 19758 1
tr0 0 19760 1
tr0 0 19762 1
tr0 0 19763 1
tr0 0 19766 1
tr0 0 19767 1
tr0 0 19769 1
tr0 0 19773 1
tr0 0 19780 1
tr0 0 19796 1
tr0 0 19799 1
tr0 0 19810 1
tr0 0 19823 1
tr0 0 19826 1
tr0 0 19828 1
tr0 0 19830 1
tr0 0 19831 1
tr0 0 19833 1
tr0 0 19837 1
tr0 0 19839 1
tr0 0 19856 1
tr0 0 19860 1
tr0 0 19864 1
tr0 0 19866 1
tr0 0 19870 1
tr0 0 19872 1
tr0 0 19874 1
tr0 0 19880 1
tr0 0 19890 1
tr0 0 19892 1
tr0 0 19895 1
tr0 0 19900 1
tr0 0 19902 1
tr0 0 19906 1
tr0 0 19912 1
tr0 0 19913 1
tr0 0 19921 1
tr0 0 19930 1
tr0 0 19935 1
tr0 0 19939 1
tr0 0 19943 1
tr0 0 19946 1
tr0 0 19950 1
tr0 0 19955 1
tr0 0 19959 1
tr0 0 19962 1
tr0 0 19963 1
tr0 0 19965 1
tr0 0 19968 1
tr0 0 19975 1
tr0 0 19981 1
tr0 0 19983 1
tr0 0 19984 1
tr0 0 20035 1
tr0 0 20037 1
tr0 0 20039 1
tr0 0 20114 1
tr0 0 20137 1
tr0 0 20142 1
tr0 0 20193 1
tr0 0 20210 1
tr0 0 20216 1
tr0 0 20297 1
tr0 0 20298 1
tr0 0 20306 1
tr0 0 20311 1
tr0 0 20321 1
tr0 0 20328 1
tr0 0 20352 1
tr0 0 20379 1
tr0 0 20396 1
tr0 0 20398 1
tr0 0 20439 1
tr0 0 20457 1
tr0 0 20467 1
tr0 0 20485 1
tr0 0 20489 1
tr0 0 20525 1
tr0 0 20552 1
tr0 0 20584 1
tr0 0 20618 1
tr0 0 20641 1
tr0 0 20667 1
tr0 0 20679 1
tr0 0 20693 1
tr0 0 20698 1
tr0 0 20725 1
tr0 0 20734 1
tr0 0 20744 1
tr0 0 20754 1
tr0 0 20755 1
tr0 0 20766 1
tr0 0 20775 1
tr0 0 20792 1
tr0 0 20797 1
tr0 0 20811 1
tr0 0 20824 1
tr0 0 20834 1
tr0 0 20835 1
tr0 0 20840 1
tr0 0 20887 1
tr0 0 20898 1
tr0 0 20901 1
tr0 0 20905 1
tr0 0 20917 1
tr0 0 20921 1
tr0 0 20945 1
tr0 0 20946 1
tr0 0 20982 1
tr0 0 20995 1
tr0 0 21000 1
tr0 0 21003 1
tr0 0 21007 1
tr0 0 21019 1
tr0 0 21030 1
tr0 0 21039 1
tr0 0 21040 1
tr0 0 21041 1
tr0 0 21046 1
tr0 0 21050 1
tr0 0 21051 1
tr0 0 21059 1
tr0 0 21060 1
tr0 0 21061 1
tr0 0 21063 1
tr0 0 21065 1
tr0 0 21071 1
tr0 0 21073 1
tr0 0 21078 1
tr0 0 21082 1
tr0 0 21093 1
tr0 0 21097 1
tr0 0 21129 1
tr0 0 21133 1
tr0 0 21134 1
tr0 0 21140 1
tr0 0 21143 1
tr0 0 21201 1
tr0 0 21210 1
tr0 0 21228 1
tr0 0 21230 1
tr0 0 21251 1
tr0 0 21253 1
tr0 0 21261 1
tr0 0 21278 1
tr0 0 21282 1
tr0 0 21287 1
tr0 0 21291 1
tr0 0 21292 1
tr0 0 21297 1
tr0 0 21301 1
tr0 0 21307 1
tr0 0 21318 1
tr0 0 21319 1
tr0 0 21333 1
tr0 0 21357 1
tr0 0 21358 1
tr0 0 21375 1
tr0 0 21376 1
tr0 0 21382 1
tr0 0 21387 1
tr0 0 21393 1
tr0 0 21394 1
tr0 0 21401 1
tr0 0 21404 1
tr0 0 21408 1
tr0 0 21410 1
tr0 0 21411 1
tr0 0 21417 1
tr0 0 21419 1
tr0 0 21421 1
tr0 0 21427 1
tr0 0 21429 1
tr0 0 21440 1
tr0 0 21454 1
tr0 0 21462 1
tr0 0 21466 1
tr0 0 21469 1
tr0 0 21478 1
tr0 0 21503 1
tr0 0 21538 1
tr0 0 21550 1
tr0 0 21555 1
tr0 0 21571 1
tr1 0 03076 1
tr1 0 10718 1
tr1 0 10751 1
tr1 0 11212 1
tr1 0 11944 1
tr1 0 11972 1
tr1 0 12522 1
tr1 0 12525 1
tr1 0 12877 1
tr1 0 13919 1
tr1 0 17396 1
tr1 0 17620 1
tr1 0 18136 1
tr1 0 21496 1
tr1 0 21542 1
tr2 0 02359 1
tr2 0 02420 1
tr2 0 12254 1
tr2 0 12275 1
tr2 0 12372 1
tr2 0 14951 1
tr2 0 15574 1
tr2 0 16147 1
tr2 0 16972 1
tr2 0 19101 1
tr3 0 00121 1
tr3 0 00443 1
tr3 0 00798 1
tr3 0 01110 1
tr3 0 01372 1
tr3 0 01393 1
tr3 0 01398 1
tr3 0 01557 1
tr3 0 01772 1
tr3 0 01970 1
tr3 0 02168 1
tr3 0 02226 1
tr3 0 02389 1
tr3 0 02448 1
tr3 0 02495 1
tr3 0 02572 1
tr3 0 02594 1
tr3 0 02851 1
tr3 0 02881 1
tr3 0 02978 1
tr3 0 03057 1
tr3 0 03084 1
tr3 0 03278 1
tr3 0 03318 1
tr3 0 03339 1
tr3 0 03340 1
tr3 0 03595 1
tr3 0 03901 1
tr3 0 04022 1
tr3 0 04101 1
tr3 0 04206 1
tr3 0 04503 1
tr3 0 04514 1
tr3 0 04564 1
tr3 0 04577 1
tr3 0 04631 1
tr3 0 04636 1
tr3 0 04833 1
tr3 0 05009 1
tr3 0 05031 1
tr3 0 05333 1
tr3 0 05400 1
tr3 0 05445 1
tr3 0 05487 1
tr3 0 05812 1
tr3 0 05896 1
tr3 0 07101 1
tr3 0 07921 1
tr3 0 07924 1
tr3 0 07962 1
tr3 0 08008 1
tr3 0 08574 1
tr3 0 08705 1
tr3 0 08744 1
tr3 0 08800 1
tr3 0 09060 1
tr3 0 09290 1
tr3 0 09585 1
tr3 0 09754 1
tr3 0 10124 1
tr3 0 10616 1
tr3 0 10857 1
tr3 0 11914 1
tr3 0 11957 1
tr3 0 11961 1
tr3 0 12257 1
tr3 0 12332 1
tr3 0 12372 1
tr3 0 12376 1
tr3 0 12594 1
tr3 0 12595 1
tr3 0 12603 1
tr3 0 12618 1
tr3 0 12737 1
tr3 0 13149 1
tr3 0 13380 1
tr3 0 13382 1
tr3 0 14434 1
tr3 0 14483 1
tr3 0 14858 1
tr3 0 15237 1
tr3 0 15254 1
tr3 0 15290 1
tr3 0 15504 1
tr3 0 15532 1
tr3 0 15642 1
tr3 0 15798 1
tr3 0 15949 1
tr3 0 16009 1
tr3 0 16236 1
tr3 0 16255 1
tr3 0 16316 1
tr3 0 16379 1
tr3 0 16519 1
tr3 0 16564 1
tr3 0 16947 1
tr3 0 16980 1
tr3 0 17090 1
tr3 0 17165 1
tr3 0 17176 1
tr3 0 17319 1
tr3 0 17358 1
tr3 0 17390 1
tr3 0 17399 1
tr3 0 17424 1
tr3 0 18373 1
tr3 0 18482 1
tr3 0 18676 1
tr3 0 19269 1
tr3 0 19555 1
tr3 0 20462 1
tr3 0 20511 1
tr3 0 20620 1
tr3 0 21367 1
